90.69
90.68
90.67
90.57
90.45
90.49
90.39
90.37
90.31
90.28
90.22
90.16
90.13
90.04
90.05
90.11
90.12
90.19
90.21
90.11
90.07
90.06
90.05
90.01
90.02
89.98
89.96
89.82
89.74
89.73
89.73
89.74
89.76
89.76
89.77
89.8
89.81
89.79
89.78
89.82
89.87
89.79
89.79
89.8
89.81
89.81
89.81
89.86
89.91
89.96
89.99
89.96
89.93
89.92
89.92
89.94
89.91
89.85
89.87
89.84
89.86
89.9
90.11
90.11
89.85
89.9
89.91
89.91
89.91
89.92
89.9
89.9
89.9
89.9
89.87
89.91
89.94
89.93
89.9
89.86
89.86
89.88
89.96
90.11
90.18
90.32
90.46
90.65
91.04
91.08
91.07
91.06
91.07
91.14
91.27
91.32
91.35
91.44
91.45
91.46
91.45
91.42
91.1
91.18
91.69
90.96
90.99
90.87
90.47
90.2
90.15
90.15
90.32
90.35
90.38
90.34
90.29
90.27
90.2
90.3
90.24
90.24
90.27
90.25
90.5
90.31
90.05
90.07
90.26
90.42
90.49
90.57
90.46
90.54
90.56
90.37
90.44
90.48
90.51
90.66
90.84
90.9
91.05
90.99
91.17
91.18
90.95
90.95
90.87
90.77
90.71
90.59
90.46
90.41
90.46
90.54
90.66
90.59
90.72
90.7
90.7
90.71
90.69
90.56
90.54
90.43
90.16
89.99
89.98
89.98
90.11
90.2
90.21
90.11
89.96
89.8
89.73
89.7
89.74
89.74
89.84
89.85
89.79
89.74
89.67
89.78
89.79
89.8
89.83
89.86
89.75
89.64
89.67
89.9
90.01
89.94
89.89
89.86
89.83
89.75
89.72
89.94
89.86
89.6
89.49
89.44
89.9
89.57
89.23
89.11
89.13
89.27
89.3
89.21
89.21
89.14
89.16
89.3
89.44
89.53
89.57
89.56
89.69
89.83
89.91
89.8
89.8
89.86
90.01
90.01
89.99
90.05
90.06
89.99
89.96
89.89
89.83
89.66
89.51
89.33
89.22
89.08
89.05
89.04
89.16
89.21
89.12
89.07
89.06
89.11
89.24
89.34
89.36
89.37
89.35
89.37
89.39
89.45
89.42
89.42
89.39
89.44
89.56
89.57
89.53
89.49
89.49
89.36
89.23
89.15
89.08
89.1
89.16
89.18
89.21
89.24
89.27
89.32
89.3
89.23
89.26
89.21
89.19
89.22
89.2
89.17
89.24
89.3
89.28
89.29
89.37
89.33
89.24
89.14
89.05
89.04
89.16
89.2
89.18
89.19
89.17
89.3
89.16
89.11
89.16
89.21
89.14
89.16
89.21
89.24
89.25
89.32
89.3
89.35
89.23
88.98
88.73
88.48
88.32
88.13
88.32
88.67
89.43
89.41
89.47
89.47
89.59
89.63
89.63
89.6
89.53
89.48
89.43
89.35
89.3
89.27
89.22
89.22
89.14
89.2
89.19
89.17
89.18
89.2
89.3
89.42
89.61
89.7
89.64
89.74
89.75
89.65
89.61
89.4
89.35
89.37
89.43
89.51
89.58
89.55
89.53
89.6
89.51
89.4
89.38
89.31
89.29
89.32
89.33
89.35
89.37
89.4
89.42
89.57
89.69
89.6
89.65
89.88
89.65
89.63
89.79
89.71
89.71
89.81
89.67
89.64
89.63
89.88
89.9
89.71
89.66
89.68
89.7
89.66
89.6
89.61
89.56
89.53
89.59
89.77
89.76
89.72
89.63
89.6
89.62
89.61
89.69
89.91
89.95
89.91
89.92
89.69
89.65
89.66
89.69
89.77
89.69
89.67
89.64
89.66
89.63
89.62
89.63
89.64
89.66
89.65
89.66
89.68
89.66
89.66
89.67
89.69
89.69
89.72
89.8
89.87
89.86
89.75
89.91
89.89
89.9
89.96
89.89
89.84
89.74
89.75
89.78
89.8
89.83
89.9
89.98
90.03
90.07
90.08
90.17
90.16
90.78
90.59
90.41
90.33
90.23
90.09
89.86
89.38
89
88.82
88.71
88.88
88.98
88.98
88.95
89.04
89.11
89.26
89.36
89.35
89.26
89.26
89.35
89.44
89.28
89.13
89.03
88.91
88.86
88.8
88.81
88.79
88.75
88.9
89.11
89.13
89.11
89.01
89.03
89.02
88.96
88.97
89.06
89
89.07
89.13
89.22
89.23
89.33
89.39
89.24
89.22
89.22
89.18
88.96
88.96
88.94
88.91
88.97
89.03
89.01
89.21
89.38
89.38
89.27
89.27
89.3
89.32
89.33
89.38
89.47
89.68
89.91
89.76
89.8
89.78
89.74
89.62
89.64
89.27
89.21
89.19
89.09
89.02
88.98
89.01
89.22
89.32
89.15
89.08
89.22
89.27
89.02
88.95
89.14
89.3
89.29
89.31
89.43
89.73
89.79
90.06
90.12
90.12
90.16
90.45
90.71
90.8
91.11
91.26
91.23
91.21
91.03
91.34
91.06
90.85
90.66
90.76
91.17
91.27
91.16
91.39
91.79
91.75
91.39
91.25
91.19
90.96
91.06
90.57
90.39
90.36
90.36
90.63
90.92
90.6
90.27
90.29
90.09
89.7
89.43
89.25
89.41
89.33
89.08
89.17
89.37
89.43
89.73
89.98
90.11
90.06
89.88
89.76
89.71
89.74
89.67
89.66
89.56
89.49
89.3
89.22
89.29
89.24
89.22
89.31
89.33
89.48
89.69
89.76
89.88
89.99
89.93
89.88
89.89
89.81
89.73
89.71
89.7
89.75
89.9
89.8
89.6
89.53
89.49
89.45
89.43
89.39
89.47
89.5
89.55
89.49
89.45
89.5
89.53
89.57
89.52
89.47
89.54
89.71
89.85
89.82
89.59
89.45
89.4
89.33
89.34
89.3
89.27
89.38
89.42
89.39
89.37
89.33
89.27
89.26
89.38
89.37
89.28
89.36
89.28
89.2
89.14
89.14
89.19
89.26
89.17
89.24
89.15
89.1
89.05
88.91
88.64
88.58
88.82
89.83
90.37
90.71
91.13
91.14
90.91
91.03
91.47
91.03
90.59
90.35
89.99
89.8
89.7
90.1
91.02
91.2
91.37
90.92
90.64
90.57
90.38
89.73
89.95
89.91
89.59
89.59
90.36
90.85
90.74
90.73
91
91.01
91.05
91.11
91.06
91.1
91.23
91.11
91.1
90.96
90.56
90.33
90.41
90.51
90.6
90.7
90.89
90.55
90.36
90.28
90.28
90.25
90.22
90.2
90.19
90.2
90.19
90.19
90.23
90.14
90.1
90.1
90.09
90.1
90.07
89.89
89.78
89.77
89.75
89.72
89.73
89.75
89.75
89.75
89.74
89.75
89.75
89.77
89.82
89.79
89.79
89.79
89.83
89.85
89.84
89.85
89.9
89.88
89.88
89.81
89.78
89.77
89.77
89.8
89.82
89.81
89.82
89.8
89.79
89.73
89.77
89.78
89.8
89.82
89.84
89.86
89.86
89.82
89.83
89.85
89.84
89.82
89.79
89.79
89.76
89.78
89.77
89.82
89.84
89.82
89.8
89.78
89.76
89.74
89.75
89.81
89.84
89.88
90.04
90.1
90.12
90.2
90.25
90.3
90.54
90.7
90.7
90.68
90.66
90.77
91.09
90.64
90.3
90.66
90.53
90.11
90.13
90.16
90
89.85
89.76
89.83
89.68
90.04
90.24
90.26
90.12
90.08
90.09
90.05
90.03
90.06
90.05
90.03
89.94
89.89
89.82
89.8
89.82
89.84
89.77
89.67
89.65
89.68
89.89
89.76
89.66
89.64
89.58
89.5
89.42
89.48
89.55
89.62
89.61
89.55
89.56
89.43
89.31
89.21
89.21
89.18
89.15
89.12
89.13
89.26
89.33
89.5
89.78
89.87
90.07
90.26
90.29
90.31
90.31
90.17
89.97
89.82
89.86
89.98
90.05
90.04
90.06
90.1
90.12
90.13
90.11
90.19
90.75
91.13
91.39
91.69
91.94
91.89
91.82
91.79
92.01
92.19
92.47
92.71
92.9
92.87
92.93
92.87
92.75
92.68
92.68
92.82
92.98
92.93
92.82
92.8
92.96
93.25
93.36
93.29
93.32
93.28
93.21
93.1
93.01
92.9
92.63
92.48
92.37
92.17
92.07
91.9
91.74
91.7
91.52
91.47
91.4
91.24
91.07
90.9
90.72
90.55
90.65
90.65
90.68
90.79
90.89
90.91
90.97
90.93
90.95
90.91
91.1
91.48
91.77
91.79
91.78
91.69
91.6
91.69
91.81
91.8
91.8
91.84
91.8
91.7
91.66
91.7
91.78
91.88
91.81
91.76
91.75
91.79
91.89
92.01
92
91.92
91.83
91.71
91.55
91.45
91.37
91.29
91.18
91.09
91.06
91.05
90.94
90.9
90.94
90.8
90.73
90.63
90.6
90.66
90.64
90.66
90.64
90.62
90.55
90.51
90.5
90.46
90.42
90.41
90.31
90.21
90.14
90.27
90.31
90.34
90.36
90.29
90.24
90.22
90.21
90.18
90.19
90.06
90.09
90.19
90.2
90.15
90.14
90.12
90.02
89.96
89.82
89.74
89.74
89.71
89.68
89.57
89.26
89.02
89
89.55
90.75
91.04
90.7
90.61
91.02
91.25
91.16
91.15
91.15
91.18
91.16
91.12
91.24
91.44
91.32
91.31
91.35
91.46
91.36
91.28
91.19
91.08
91.01
90.91
90.84
90.85
90.79
90.81
90.77
90.73
90.75
90.79
90.81
90.76
90.55
90.39
90.3
90.37
90.31
90.48
90.7
90.38
90.28
90.25
90.25
90.29
90.13
90.05
89.92
89.93
90.06
90.08
90.15
90.17
90.14
90.06
90.08
90.12
90.19
90.3
90.28
90.26
90.2
90.16
90.14
90.15
90.08
90.08
90.08
90.01
89.96
90.01
89.99
90.02
89.99
90.01
90.23
90.31
90.28
90.16
90.14
90.11
90.13
90.18
90.21
90.18
90.18
90.15
90.12
90.08
90.04
90.04
90.14
90.21
90.22
90.26
90.38
90.41
90.42
90.48
90.61
90.62
90.51
90.43
90.43
90.51
90.49
90.34
90.19
90.09
90.07
90.06
90.02
90.01
90.04
90.05
90.1
90.15
90.22
90.22
90.24
90.2
90.3
90.26
90.23
90.48
90.59
90.56
90.63
90.66
90.63
90.61
90.65
90.69
90.66
90.71
90.79
90.87
91.23
91.51
91.7
91.94
91.94
91.88
91.74
91.69
91.64
91.61
91.63
91.72
91.79
91.96
91.76
91.79
91.62
91.88
92.16
92.11
92.17
92.06
91.91
91.85
91.69
91.55
91.59
91.98
92.95
93.24
93.28
93.29
93.18
92.95
92.74
92.52
92.46
92.52
92.78
93.06
93.15
93.04
92.88
92.65
92.27
92.16
92.27
92.39
92.16
91.89
91.83
91.85
92.01
92.2
92.2
92.17
92.13
91.93
91.63
91.45
91.56
91.57
91.56
91.64
91.59
91.44
91.15
90.87
91.04
91.49
91.6
91.38
91.33
91.32
91.3
91.12
90.99
90.92
90.88
90.89
90.59
90.42
90.34
90.26
90.37
90.47
90.42
90.4
90.45
90.48
90.48
90.36
90.22
90.1
90.09
90.3
90.6
90.53
90.47
90.39
90.24
90.34
90.37
90.81
91.44
91.87
91.72
91.5
91.26
91.07
91.16
91.49
91.57
91.71
91.63
91.92
92.3
92.28
92.18
92.38
92.55
92.51
92.58
92.63
92.62
92.66
92.78
92.87
93.06
93.24
93.45
93.58
93.63
93.64
93.59
93.66
93.76
93.71
93.65
93.69
93.72
93.62
93.58
93.47
93.4
93.43
93.44
93.39
93.27
93.24
93.19
93.04
92.84
92.81
92.98
93.08
93.14
93.24
93.19
93.1
93.01
92.89
92.77
92.56
92.29
92.21
92.15
92.05
91.47
90.96
90.86
90.88
90.84
90.83
90.84
90.9
90.93
90.96
90.91
90.74
90.74
90.79
90.7
90.64
90.74
90.78
90.75
90.62
90.56
90.7
90.75
90.72
90.63
90.96
91.16
90.94
90.77
90.74
90.64
90.63
90.59
90.56
90.61
90.54
90.47
90.37
90.34
90.35
90.29
90.3
90.22
90.17
90.09
89.85
89.82
89.73
89.74
89.82
89.63
89.74
89.8
89.76
89.63
89.59
89.7
89.78
89.78
89.68
89.57
89.61
89.63
89.52
89.55
89.48
89.15
88.93
89.07
89.15
89.2
89.58
90.75
91.2
91.28
91.31
91.34
91.31
91.26
91.24
91.21
91.21
91.19
91.15
91.22
91.28
91.34
91.34
91.33
91.38
91.39
91.39
91.38
91.4
91.45
91.64
91.68
91.69
91.71
91.72
91.74
91.74
91.58
91.58
91.62
91.61
91.38
91.29
91.27
91.24
91.36
91.52
91.52
91.38
91.32
91.31
91.27
91.25
91.25
91.27
91.27
91.26
91.25
91.28
91.27
91.26
91.27
91.25
91.22
91.22
91.17
91.08
91.09
91.09
91.1
91.09
91.05
91.03
91
90.96
91.02
90.96
90.93
91.04
91.07
90.96
90.96
91.09
91.12
91.12
91.1
91.08
91.12
91.18
91.16
91.17
91.22
91.3
91.26
91.25
91.2
91.18
91.17
91.11
90.96
90.89
90.98
91.14
91.23
91.18
91.08
91.1
90.98
91.07
91.07
91.04
91.01
90.92
90.99
91.06
91.11
91.23
91.29
91.26
91.17
91.1
91.08
91.02
91.1
91.22
91.24
91.28
91.28
91.34
91.45
91.1
90.63
90.59
90.95
90.97
90.81
90.74
90.7
90.54
90.44
90.27
90.13
90.02
89.97
89.95
89.94
90
90.3
90.39
90.42
90.38
90.35
90.33
90.27
90.16
90.12
90
89.96
89.88
89.92
89.94
89.9
89.89
89.84
89.87
89.91
89.98
90.1
90.14
90.15
90.11
90.02
89.91
89.87
89.87
89.75
89.91
89.99
90.13
90.14
89.98
90.07
90.03
89.99
90.06
90.04
90.35
90.7
90.85
90.98
91.06
91.25
91.26
91.83
92.22
92.41
92.68
92.6
92.63
92.68
92.71
92.62
92.59
92.6
92.56
92.59
92.58
92.38
92.22
92.18
92.13
92.12
92.11
92.12
92.18
92.26
92.19
92.11
92.03
92
92.02
92.02
92.05
92.1
92.18
92.23
92.08
92.13
92.13
91.86
91.71
91.54
91.54
91.73
91.78
91.52
91.23
91.18
91.34
91.36
91.35
91.16
91.2
91.4
91.57
91.5
91.24
91.19
91.31
91.39
91.33
91.32
91.38
91.42
91.42
91.44
91.53
91.75
91.98
91.95
91.86
91.91
91.91
91.88
91.9
92
92.07
91.96
91.93
91.89
91.79
91.68
91.58
91.46
91.27
91.12
91.1
91.07
90.97
90.6
90.55
90.56
90.56
90.49
90.35
90.29
90.3
90.31
90.37
90.4
90.39
90.34
90.25
90.15
90.08
90.07
90.03
90.01
89.99
90
89.81
89.58
89.65
89.87
89.93
89.88
89.82
89.72
89.66
89.73
89.71
89.61
89.63
89.61
89.51
89.47
89.45
89.42
89.31
89.22
89.21
89.29
89.35
89.36
89.33
89.25
89.22
89.25
89.21
89.28
89.32
89.25
89.25
89.23
89.22
89.23
89.22
89.2
89.2
89.25
89.28
89.25
89.33
89.28
89.27
89.28
89.27
89.23
89.24
89.28
89.32
89.44
89.41
89.46
89.47
89.52
89.44
89.36
89.23
89.09
88.95
88.96
88.9
89.09
89.35
89.56
89.47
90.11
90.42
90.36
90.66
90.68
90.48
90.44
90.46
90.45
90.41
90.34
90.37
90.27
90.24
90.19
90.24
90.25
90.23
90.15
90.06
90.08
90.01
90.15
90.22
90.05
90.18
90.37
90.4
90.45
90.61
90.55
90.45
90.29
90.16
90.36
90.36
90.21
89.94
89.78
89.6
89.43
89.37
89.39
89.59
89.58
89.61
89.62
89.66
89.67
89.66
89.74
89.91
90.05
90.06
90.04
90.06
90.06
90.04
90.01
90
90.02
89.95
89.68
89.73
89.83
89.57
89.47
89.41
89.36
89.38
89.41
89.46
89.43
89.46
89.47
89.5
89.48
89.48
89.61
89.6
89.6
89.67
89.65
89.59
89.51
89.43
89.46
89.42
89.4
89.4
89.4
89.4
89.4
89.38
89.4
89.49
89.51
89.48
89.46
89.46
89.46
89.45
89.5
89.6
89.61
89.64
89.64
89.66
89.66
89.65
89.68
89.73
89.75
89.72
89.72
89.74
89.74
89.74
89.75
89.8
89.82
89.85
89.88
89.9
89.9
89.91
89.95
89.9
89.91
89.89
89.89
89.93
90.2
90.5
90.65
91.08
92.73
92.42
90.53
89.96
89.68
89.56
89.54
89.39
89.31
89.37
89.48
89.42
89.37
89.37
89.4
89.37
89.39
89.53
89.65
89.56
89.4
89.34
89.29
89.24
89.29
89.44
89.5
89.56
89.51
89.43
89.3
89.24
89.38
89.27
89.28
89.42
89.49
89.45
89.42
89.3
89.16
89.04
89.21
89.53
89.62
89.82
89.76
89.72
89.67
89.66
89.76
89.53
89.32
89.06
88.92
89.09
89.36
89.36
89.37
89.35
89.38
89.45
89.69
89.93
90.29
90.44
90.49
90.6
90.69
90.84
90.88
90.84
90.8
90.71
90.73
90.69
90.59
90.47
90.36
90.31
90.31
90.47
90.52
90.63
90.73
90.64
90.39
90.33
90.39
90.47
90.46
90.45
90.44
90.53
90.55
90.58
90.63
90.66
90.67
90.67
90.83
90.97
91.15
91.34
91.34
91.35
91.66
92.11
92.32
92.7
93.02
92.95
92.84
92.73
92.68
92.68
92.67
92.67
92.68
92.72
92.76
92.69
92.56
92.43
92.23
92.09
91.98
91.83
91.81
91.7
91.32
90.98
91.09
91.01
90.99
90.77
90.71
90.71
90.82
90.95
90.99
91.06
91.11
91.08
91.04
90.94
90.82
90.81
91
91.17
91.18
91.31
91.14
91.09
91
91.11
91.11
91.16
91.25
91.51
91.61
91.62
91.59
91.52
91.31
91
90.91
90.88
90.91
91.01
91.16
91.44
91.74
91.77
91.79
91.8
91.79
91.79
91.8
91.76
91.75
91.51
91.34
91.22
91.12
91
91.03
91.01
90.99
90.97
90.93
90.84
90.86
90.75
90.77
90.81
90.72
90.68
90.61
90.57
90.56
90.67
90.79
90.89
91.02
91.17
91.25
91.22
91.12
91.12
91.07
91
90.64
90.66
90.58
90.67
90.76
90.72
90.65
90.63
90.67
90.58
90.45
90.33
90.32
90.33
90.25
89.89
89.76
89.51
89.37
89.23
89.28
89.68
90.19
90.97
91.42
91.6
91.78
91.86
91.92
91.93
91.94
91.96
91.98
92.03
92.15
92.28
92.37
92.34
92.33
92.32
92.29
92.26
92.27
92.27
92.37
92.37
92.38
92.37
92.43
92.45
92.39
92.49
92.62
92.76
92.75
92.8
92.78
92.75
92.74
92.8
92.83
92.78
92.75
92.66
92.6
92.61
92.72
92.62
92.46
92.44
92.59
92.62
92.57
92.52
92.51
92.55
92.56
92.49
92.26
92.5
92.64
92.6
92.86
93
92.98
92.98
93.02
92.8
92.78
92.77
92.74
92.85
92.61
92.43
92.49
92.55
92.56
92.58
92.64
92.69
92.73
92.73
92.68
92.84
92.86
92.65
92.72
92.67
92.7
92.66
92.61
92.58
92.5
92.47
92.4
92.41
92.24
92.09
92.17
92.27
92.28
92.22
92.13
92.16
92.18
92.19
92.26
92.17
92.22
92.16
92.1
92.16
92.02
91.96
91.99
92.07
92.08
92.1
92.09
92.05
92.16
92.2
92.18
92.19
92.2
92.29
92.37
92.42
92.48
92.5
92.51
92.53
92.54
92.53
92.49
92.53
92.6
92.66
92.63
92.65
92.68
93.87
92.91
93.16
93.21
92.96
92.73
92.5
92.35
92.22
92.2
92.59
92.95
92.95
92.86
92.69
92.57
92.41
92.47
92.7
92.75
92.76
92.87
92.98
92.93
92.82
92.72
92.76
92.87
92.89
92.84
92.79
92.63
92.36
92.29
92.32
92.32
92.25
92.02
91.78
91.59
91.59
91.44
91.37
91.27
91.25
91.46
91.54
91.55
91.66
91.71
91.55
91.5
91.23
91.14
91.31
91.48
91.61
91.6
91.62
91.56
91.53
91.62
91.88
92.02
92.05
91.93
91.87
91.87
91.95
91.96
91.95
91.98
92.31
92.85
93.5
93.92
94.17
94.3
94.35
94.32
94.25
94.25
94.22
94.33
94.43
94.46
94.38
94.32
94.36
94.52
94.6
94.62
94.64
94.58
94.61
94.82
94.85
94.96
95.13
95.02
95
94.85
94.61
94.48
94.44
94.44
94.46
94.57
94.76
95
95.26
95.45
95.55
95.56
95.51
95.6
95.78
95.95
96.14
96.26
96.35
96.52
96.69
96.86
97.12
97.34
97.54
97.7
97.84
97.9
97.96
97.99
97.95
97.87
97.81
97.74
97.57
97.36
97.12
96.89
96.62
96.35
96.14
95.94
95.76
95.46
95.3
95.08
94.94
94.76
94.67
94.47
94.25
94.05
93.83
93.72
93.45
93.31
93.35
93.3
93.24
93.24
93.24
93.21
93.14
93.09
93.09
92.94
92.87
92.76
92.7
92.66
92.63
92.55
92.42
92.4
92.36
92.25
92.23
92.11
92
91.98
92.1
92.1
91.98
91.9
91.97
92.05
92.08
92.03
91.87
91.75
91.64
91.58
91.59
91.61
91.56
91.46
91.43
91.37
91.36
91.32
91.18
90.94
90.78
90.88
91.07
90.85
90.82
90.82
90.88
90.95
90.66
90.15
89.78
90.04
90.22
90.19
90.14
89.86
89.6
89.28
89.27
89.42
89.69
89.9
90.04
90.09
90.15
90.46
91.55
92.22
92.37
92.57
92.73
92.79
92.86
92.91
92.94
92.88
92.81
92.66
92.63
92.52
92.47
92.41
92.34
92.27
92.24
92.2
92.18
92.09
92
91.95
91.91
91.89
91.82
91.74
91.66
91.62
91.6
91.47
91.41
91.38
91.46
91.53
91.47
91.32
91.34
91.29
91.3
91.26
91.16
91.17
91.17
91.1
91.03
90.94
90.88
90.84
90.83
90.78
90.74
90.72
90.75
90.78
90.84
90.81
90.75
90.76
90.81
90.9
90.88
90.96
90.95
91.01
91.04
91.04
91.03
91.03
91.03
91.02
91.02
91.02
91.04
91.05
91.06
91.03
91.04
91.06
91.02
91
90.96
90.92
90.94
91
91.05
91.06
91.04
91.03
91.06
91.02
91
90.93
90.97
91.06
91.14
91.21
91.22
91.23
91.26
91.34
91.43
91.45
91.5
91.66
91.78
91.92
92.2
92.41
92.5
92.59
92.62
92.19
91.87
91.86
91.52
91.36
91.29
91.3
92.54
92.94
92.48
92.12
91.81
91.69
91.74
91.73
91.6
91.61
91.66
91.57
91.6
91.55
91.6
91.57
91.46
91.41
91.06
90.97
90.94
90.94
90.95
90.99
91
91.01
91.05
90.87
90.87
90.91
91.05
91.5
91.57
91.55
91.58
91.49
91.5
91.64
91.65
91.71
91.75
91.78
91.76
91.81
91.92
92.12
92.2
92.18
92.18
92.3
92.4
92.48
92.43
92.33
92.3
92.04
91.82
91.73
91.62
91.58
91.55
91.6
91.56
91.66
91.64
91.71
91.87
92.07
91.96
92.03
92.16
92.16
91.84
91.72
91.84
91.95
91.94
91.84
91.79
91.71
91.76
91.9
92.01
92.08
92.16
92.19
92.21
92.39
92.44
92.37
92.39
92.4
92.4
92.37
92.28
92.12
91.94
91.97
92.15
92.37
92.53
92.64
92.65
92.66
92.56
92.62
92.73
92.98
93.23
93.21
93.19
93.16
93.13
93.13
92.98
92.9
92.93
92.98
93.04
93.04
93.05
93.01
92.97
92.87
92.67
92.43
92.2
92.15
92.18
92.23
92.23
92.16
92.01
91.75
91.69
91.67
91.72
91.72
91.63
91.45
91.37
91.33
91.22
91.16
91.22
91.42
91.64
91.63
91.49
91.18
90.86
90.83
91.13
91.34
91.37
91.41
91.54
91.77
91.92
92.03
92.01
91.96
91.95
91.97
91.94
91.94
91.94
91.9
92.01
92.12
92.01
91.87
91.71
91.69
91.76
91.72
91.7
91.42
91.2
91.02
91.02
90.95
90.81
90.84
90.86
90.81
90.75
90.66
90.73
90.79
90.73
90.73
90.7
90.65
90.62
90.62
90.47
90.45
90.42
90.42
90.41
90.44
90.41
90.37
90.26
90.12
89.92
89.87
89.84
89.99
90.07
90.06
90.01
90.13
90.2
90.16
90.23
90.32
90.45
90.51
90.21
89.87
89.92
90.12
90.32
90.28
90.19
90.15
90.06
89.92
89.82
89.8
89.95
90.04
89.89
89.7
89.6
89.76
89.92
90.53
90.56
90.53
90.69
91.56
91.86
91.89
91.95
91.83
91.66
91.52
91.34
91.24
91.25
91.2
91.2
91.24
91.32
91.41
91.4
91.41
91.38
91.29
91.23
91.18
91.15
91.19
91.2
91.22
91.24
